 VARIABLES = "X",  "Y"
 ZONE N=         665 , E=        1177 , F=FEPOINT, ET=TRIANGLE
       -0.2000000000        0.1891945580
       -0.2000000000        0.0000000000
        0.4000000000        0.0813973955
        0.4000000000        0.0000000000
       -0.2000000000        0.1792369497
       -0.2000000000        0.1692793414
       -0.2000000000        0.1593217330
       -0.2000000000        0.1493641247
       -0.2000000000        0.1394065164
       -0.2000000000        0.1294489081
       -0.2000000000        0.1194912998
       -0.2000000000        0.1095336915
       -0.2000000000        0.0995760832
       -0.2000000000        0.0896184748
       -0.2000000000        0.0796608665
       -0.2000000000        0.0697032582
       -0.2000000000        0.0597456499
       -0.2000000000        0.0497880416
       -0.2000000000        0.0398304333
       -0.2000000000        0.0298728249
       -0.2000000000        0.0199152166
       -0.2000000000        0.0099576083
        0.3899863237        0.0811094651
        0.3799726790        0.0808204363
        0.3699590663        0.0805302996
        0.3599454861        0.0802390456
        0.3499319388        0.0799466644
        0.3399184247        0.0796531462
        0.3299049443        0.0793584808
        0.3198914980        0.0790626579
        0.3098780863        0.0787656671
        0.2998647096        0.0784674975
        0.2898513684        0.0781681382
        0.2798380632        0.0778675781
        0.2698247945        0.0775658057
        0.2598115627        0.0772628095
        0.2497983684        0.0769585775
        0.2397852121        0.0766530976
        0.2297720943        0.0763463575
        0.2197590156        0.0760383445
        0.2097459765        0.0757290456
        0.1997329776        0.0754184478
        0.1897200195        0.0751065376
        0.1797071029        0.0747933011
        0.1696942282        0.0744787243
        0.1596813962        0.0741627929
        0.1496686075        0.0738454921
        0.1396558627        0.0735268070
        0.1296431626        0.0732067221
        0.1196305079        0.0728852218
        0.1096178992        0.0725622898
        0.0996051096        0.0722455619
        0.0895915361        0.0719540926
        0.0795776388        0.0716739719
        0.0695634294        0.0714052363
        0.0595489203        0.0711479171
        0.0495341236        0.0709020408
        0.0395189501        0.0706722122
        0.0295065023        0.0703457293
        0.0194956960        0.0699710956
        0.0094825309        0.0696681821
       -0.0005344350        0.0695590428
       -0.0105495736        0.0697654469
       -0.0205461887        0.0704025571
       -0.0304945880        0.0715688281
       -0.0403539913        0.0733344593
       -0.0500787207        0.0757329170
       -0.0596266144        0.0787597610
       -0.0689660608        0.0823794828
       -0.0780791004        0.0865369926
       -0.0869605785        0.0911691086
       -0.0956150511        0.0962130614
       -0.1040532367        0.1016113765
       -0.1122890526        0.1073139014
       -0.1203375396        0.1132780734
       -0.1282135852        0.1194683025
       -0.1359312272        0.1258550225
       -0.1435033355        0.1324136997
       -0.1509415168        0.1391239307
       -0.1582561429        0.1459686733
       -0.1654564396        0.1529336132
       -0.1725505996        0.1600066514
       -0.1795459007        0.1671774944
       -0.1864488187        0.1744373259
       -0.1932651294        0.1817785453
        0.4000000000        0.0101746744
        0.4000000000        0.0203493489
        0.4000000000        0.0305240233
        0.4000000000        0.0406986977
        0.4000000000        0.0508733722
        0.4000000000        0.0610480466
        0.4000000000        0.0712227211
       -0.1900000000        0.0000000000
       -0.1800000000        0.0000000000
       -0.1700000000        0.0000000000
       -0.1600000000        0.0000000000
       -0.1500000000        0.0000000000
       -0.1400000000        0.0000000000
       -0.1300000000        0.0000000000
       -0.1200000000        0.0000000000
       -0.1100000000        0.0000000000
       -0.1000000000        0.0000000000
       -0.0900000000        0.0000000000
       -0.0800000000        0.0000000000
       -0.0700000000        0.0000000000
       -0.0600000000        0.0000000000
       -0.0500000000        0.0000000000
       -0.0400000000        0.0000000000
       -0.0300000000        0.0000000000
       -0.0200000000        0.0000000000
       -0.0100000000        0.0000000000
       -0.0000000000        0.0000000000
        0.0100000000        0.0000000000
        0.0200000000        0.0000000000
        0.0300000000        0.0000000000
        0.0400000000        0.0000000000
        0.0500000000        0.0000000000
        0.0600000000        0.0000000000
        0.0700000000        0.0000000000
        0.0800000000        0.0000000000
        0.0900000000        0.0000000000
        0.1000000000        0.0000000000
        0.1100000000        0.0000000000
        0.1200000000        0.0000000000
        0.1300000000        0.0000000000
        0.1400000000        0.0000000000
        0.1500000000        0.0000000000
        0.1600000000        0.0000000000
        0.1700000000        0.0000000000
        0.1800000000        0.0000000000
        0.1900000000        0.0000000000
        0.2000000000        0.0000000000
        0.2100000000        0.0000000000
        0.2200000000        0.0000000000
        0.2300000000        0.0000000000
        0.2400000000        0.0000000000
        0.2500000000        0.0000000000
        0.2600000000        0.0000000000
        0.2700000000        0.0000000000
        0.2800000000        0.0000000000
        0.2900000000        0.0000000000
        0.3000000000        0.0000000000
        0.3100000000        0.0000000000
        0.3200000000        0.0000000000
        0.3300000000        0.0000000000
        0.3400000000        0.0000000000
        0.3500000000        0.0000000000
        0.3600000000        0.0000000000
        0.3700000000        0.0000000000
        0.3800000000        0.0000000000
        0.3900000000        0.0000000000
        0.0734536316        0.0647681156
        0.3916685258        0.0578933434
        0.3350852554        0.0727301691
        0.2652050895        0.0710706101
        0.2843334686        0.0061307492
        0.0852170887        0.0090779898
       -0.0203740296        0.0074071400
        0.3919948339        0.0687624963
        0.3849119817        0.0736071535
        0.2730333156        0.0690248549
       -0.1921268342        0.0168669936
       -0.1911033491        0.0850332705
       -0.1910246566        0.1050414906
       -0.1910729552        0.0950257475
       -0.1824262029        0.0904093002
       -0.1825114548        0.0803962052
       -0.1737696128        0.0857677148
       -0.1650946167        0.0811124231
       -0.1914049826        0.0257593387
       -0.0296143346        0.0122851576
       -0.0390113395        0.0072728090
       -0.1911151148        0.0750572187
       -0.1911162980        0.0650873402
       -0.1750310758        0.0156564661
       -0.1834093381        0.0208678630
       -0.1828954564        0.0306047143
       -0.1744898102        0.0257406702
       -0.1911843201        0.0353173350
       -0.1911259285        0.0451743220
       -0.1827264057        0.0404607594
       -0.1742572648        0.0356500007
       -0.1658415554        0.0207894685
       -0.1652192774        0.0710891899
       -0.1738850849        0.0757462260
       -0.1825663587        0.0704032764
       -0.1911157138        0.0551202646
       -0.1826082173        0.0604112980
       -0.1739688759        0.0657333752
       -0.1826535463        0.0504187816
       -0.1740444685        0.0557046643
       -0.1741315299        0.0456632033
       -0.1654238221        0.0509662165
       -0.1656859864        0.0307857410
       -0.1653224486        0.0610466169
       -0.1566472313        0.0563477177
       -0.1655393772        0.0408643285
       -0.1567552486        0.0462091227
       -0.1128785335        0.0119332506
       -0.1564007749        0.0764724608
       -0.1565302080        0.0664380752
       -0.1476991425        0.0718816425
       -0.1568875373        0.0260731193
       -0.1856252776        0.0097265762
       -0.1753442529        0.0068955994
       -0.1656646621        0.0094008377
       -0.1561916616        0.0072742087
       -0.1566622840        0.0162514688
       -0.1480245465        0.0212343440
       -0.1480533505        0.0113889516
       -0.1208997492        0.0067811952
       -0.1219881729        0.0268825219
       -0.1217245507        0.0167311464
       -0.1395437061        0.0066357245
       -0.1303030516        0.0113344999
       -0.1392353205        0.0164083873
       -0.1568487999        0.0360762468
       -0.1217824937        0.0581492388
       -0.1303779168        0.0627834282
       -0.1390166888        0.0673376693
       -0.1478423267        0.0617981738
       -0.1479647555        0.0516336143
       -0.1480830732        0.0312764570
       -0.1480522053        0.0414320594
       -0.1305276390        0.0214769753
       -0.1392953181        0.0264004234
       -0.1391763794        0.0571496975
       -0.1392906876        0.0468840865
       -0.1393364151        0.0366064945
       -0.1305425847        0.0524548474
       -0.1306406016        0.0317293110
       -0.1306390291        0.0420793980
       -0.1219431668        0.0476884353
       -0.1132167729        0.0534034038
       -0.0891593236        0.0069779402
       -0.1049999079        0.0081894629
       -0.0971259514        0.0120926323
       -0.0883564425        0.0171775943
       -0.0880523266        0.0276440676
       -0.0965936714        0.0224077784
       -0.1220253402        0.0372351370
       -0.1049888997        0.0175958147
       -0.1133797236        0.0428503026
       -0.1133922058        0.0221133400
       -0.1134593576        0.0323857321
       -0.1046827469        0.0485438257
       -0.1049567094        0.0275330858
       -0.1048588106        0.0379342796
       -0.0381182549        0.0177093992
       -0.0548521732        0.0085407654
       -0.0469307198        0.0125593136
       -0.0463137562        0.0230413398
       -0.0964072869        0.0328693026
       -0.0962084333        0.0435514510
       -0.0546765890        0.0181796479
       -0.0545409011        0.0283610029
       -0.0798592986        0.0118278986
       -0.0706786880        0.0070614160
       -0.0626076989        0.0123918300
       -0.0712190354        0.0173673435
       -0.0797105669        0.0223659223
       -0.0629015365        0.0228760217
       -0.0712227996        0.0279317618
       -0.0795223812        0.0331441423
       -0.0878269945        0.0384036263
       -0.0628165837        0.0335201006
       -0.0710575888        0.0387881889
       -0.0792749302        0.0440784943
       -0.0875533034        0.0492576001
       -0.0959624490        0.0542742384
       -0.1044755149        0.0591544324
       -0.1130272078        0.0639150673
       -0.1215878808        0.0685288272
       -0.1301826556        0.0729876998
       -0.1388481205        0.0773845336
       -0.1475570466        0.0818625442
       -0.1562507527        0.0864721087
       -0.1649211399        0.0911515574
       -0.1736002138        0.0958251528
       -0.1823029545        0.1004583466
        0.3442158520        0.0085053695
        0.3872786783        0.0085399999
        0.3914573385        0.0163779347
        0.3775395707        0.0077567649
        0.2821222944        0.0654168446
        0.3094892640        0.0713793933
        0.3438084632        0.0177547883
        0.2745254232        0.0491851258
        0.2832566687        0.0444107951
        0.2920201283        0.0393093084
        0.3005791872        0.0447879138
        0.2829280623        0.0549517925
        0.2917792086        0.0500442744
        0.2905743315        0.0709357731
        0.2913732462        0.0605824458
        0.3001652905        0.0662597825
        0.3003849159        0.0556258984
        0.3091933024        0.0608881080
        0.3091844892        0.0502002917
        0.3178577208        0.0554510151
        0.3182375326        0.0661277914
        0.3271340968        0.0702038481
        0.3264921719        0.0601848273
        0.3351025287        0.0647484676
        0.3427697365        0.0705759593
        0.3601395826        0.0724840147
        0.3517235111        0.0667723241
        0.3436507444        0.0604877386
        0.3688283643        0.0671781094
        0.3771867512        0.0713449811
        0.3843304842        0.0648407081
        0.3605602175        0.0616008811
        0.3523474324        0.0559094891
        0.3351625966        0.0548473409
        0.3264999201        0.0497344783
        0.3766679361        0.0611706916
        0.3692253369        0.0562462639
        0.3438950455        0.0499441624
        0.3840760694        0.0559039099
        0.3178899731        0.0445656834
        0.3093118663        0.0392411087
        0.3611658193        0.0506886646
        0.3527096407        0.0448836540
        0.3888046700        0.0472198109
        0.3783489871        0.0507317632
        0.3703408075        0.0453413331
        0.3893339350        0.0357978023
        0.3800198553        0.0405291814
        0.3898716316        0.0250880329
        0.3805748121        0.0295877033
        0.3811144696        0.0179244013
        0.3711765206        0.0234290358
        0.3703715476        0.0124749172
        0.3608450276        0.0073450464
        0.3524708117        0.0125649971
        0.3710811510        0.0345069719
        0.3617451295        0.0396373673
        0.3616345516        0.0179193735
        0.3619514260        0.0286556709
        0.3528248190        0.0230529818
        0.3528994907        0.0338496195
        0.3440141253        0.0390497342
        0.3352483175        0.0442892725
        0.3266053983        0.0389058610
        0.3439927020        0.0281591109
        0.3260882549        0.0084505357
        0.3353061511        0.0333806610
        0.3351741007        0.0111510861
        0.3352858352        0.0224176811
        0.3267661725        0.0176783961
        0.3267064929        0.0280544989
        0.3096978066        0.0072572224
        0.3180066735        0.0336126605
        0.3181552316        0.0124435866
        0.3180880525        0.0228765378
        0.3095328267        0.0177247784
        0.3094522757        0.0283338424
        0.3007743086        0.0338879195
        0.3009385939        0.0125136351
        0.3009542515        0.0231276864
        0.2922914321        0.0086160401
        0.2924771511        0.0184378688
        0.2840112915        0.0140055484
        0.2922418183        0.0286837229
        0.2836421895        0.0235888090
        0.2243191011        0.0165507150
        0.2751033768        0.0179720861
        0.2834498284        0.0338798601
        0.2748894557        0.0284286135
        0.2153417055        0.0217670332
        0.2662938190        0.0229221938
        0.2747443517        0.0388489856
        0.2662609534        0.0334935881
        0.2741356757        0.0592521235
        0.2578833315        0.0286506616
        0.2576528064        0.0387550582
        0.2660614353        0.0438033490
        0.2657896816        0.0538039284
        0.2654680086        0.0633028394
        0.2573599780        0.0685874177
        0.2571135829        0.0588690675
        0.1735435426        0.0668618786
        0.1728924167        0.0579351917
        0.2573702352        0.0488955609
        0.2576199945        0.0179942565
        0.2497440843        0.0151296173
        0.2418074204        0.0179869426
        0.2328644281        0.0223792453
        0.2494234104        0.0238928890
        0.2409342228        0.0283292514
        0.2323515403        0.0329535526
        0.2488128476        0.0646030322
        0.2492397033        0.0337862458
        0.2488078482        0.0542098880
        0.2490123353        0.0439165455
        0.2406620824        0.0386036773
        0.2405070237        0.0489841433
        0.2401289629        0.0695887872
        0.2403961937        0.0593093120
        0.2058086678        0.0681280503
        0.2149365623        0.0660431373
        0.2239409292        0.0685388614
        0.2319241187        0.0643528792
        0.2320988671        0.0540064373
        0.2321613110        0.0434964478
        0.2238204123        0.0589156691
        0.2239678775        0.0273730344
        0.2237883226        0.0379491915
        0.2237006662        0.0484601061
        0.2152809522        0.0431051579
        0.1475382778        0.0524495416
        0.1213700372        0.0560647860
        0.1551976646        0.0668381126
        0.1644706519        0.0641788784
        0.2153653690        0.0324670412
        0.2062856834        0.0164322949
        0.2068381288        0.0272678114
        0.2151454520        0.0535701437
        0.2063595659        0.0586008916
        0.1897876538        0.0683868428
        0.1981325962        0.0636985083
        0.2067665652        0.0481932806
        0.1814044055        0.0632085164
        0.1898319691        0.0583050545
        0.1982536662        0.0533775208
        0.1559797057        0.0579203492
        0.1644999005        0.0532510040
        0.1981746537        0.0222517467
        0.2068951717        0.0377713590
        0.1984814827        0.0326655555
        0.1984312991        0.0430055169
        0.1900555991        0.0378838050
        0.1901398761        0.0180677877
        0.1901255848        0.0278685422
        0.1821462279        0.0222113064
        0.1899379468        0.0481153473
        0.1814564914        0.0530830409
        0.1730180043        0.0479155144
        0.1562181167        0.0476691339
        0.1647095506        0.0426676161
        0.1815629379        0.0428698879
        0.1817326553        0.0325777157
        0.1740513610        0.0163454133
        0.1732163525        0.0375470061
        0.1734783415        0.0271365736
        0.1649401776        0.0321514928
        0.1651867982        0.0216653225
        0.1477693831        0.0423168416
        0.2760780558        0.0079561419
        0.2655701295        0.0102754292
        0.2549646343        0.0083128340
        0.2448913736        0.0082160281
        0.2343120908        0.0099025244
        0.2247463093        0.0069585586
        0.2151510242        0.0095800652
        0.2054478488        0.0068569644
        0.1958812514        0.0097707554
        0.1843502871        0.0097137115
        0.1747743588        0.0067482910
        0.1652602652        0.0094815397
        0.1560872434        0.0072876693
        0.1563824561        0.0372954037
        0.1564205450        0.0166624561
        0.1565321624        0.0269468539
        0.1481881174        0.0114960980
        0.1479710386        0.0320385575
        0.1480880436        0.0217093548
        0.1399191272        0.0066171524
        0.1314255939        0.0114706328
        0.1397612947        0.0166302700
        0.1312219828        0.0216404713
        0.1457936926        0.0640260216
        0.1395530296        0.0564695603
        0.1395814439        0.0268348161
        0.1393626893        0.0371546487
        0.1390969333        0.0472719522
        0.1305135384        0.0536698186
        0.1137578654        0.0518073281
        0.1223670056        0.0469462546
        0.1308236486        0.0424811046
        0.1236605382        0.0075947557
        0.1227493572        0.0165047666
        0.1310316313        0.0319301897
        0.1226152716        0.0265233899
        0.1052095820        0.0074237352
        0.0961959143        0.0101251168
        0.1225221929        0.0368343790
        0.1144340083        0.0100304930
        0.1141729922        0.0209236069
        0.1139845735        0.0417233785
        0.1141125968        0.0314168467
        0.1351805628        0.0645743672
        0.1250076710        0.0643490708
        0.1145537152        0.0633570486
        0.1055052325        0.0656760045
        0.1054971567        0.0569801427
        0.1055443609        0.0159726542
        0.0974003420        0.0210722269
        0.1055061633        0.0468628553
        0.1057289413        0.0261863661
        0.1056428121        0.0365909248
        0.0973204565        0.0314738781
        0.0975235612        0.0627556556
        0.0972513891        0.0523631678
        0.0896797534        0.0172408254
        0.0972707887        0.0419186498
        0.0888855817        0.0262795948
        0.0889724509        0.0366278322
        0.0713939099        0.0169149437
        0.0804746768        0.0196412110
        0.0722728587        0.0260935592
        0.0892909992        0.0580797706
        0.0806311981        0.0309183479
        0.0723836606        0.0362378893
        0.0891101092        0.0473049188
        0.0808116273        0.0416346359
        0.0811660705        0.0623626262
        0.0810822179        0.0521017193
        0.0729013921        0.0564566571
        0.0725754367        0.0464792190
        0.0639323581        0.0412231305
        0.0641260211        0.0513616237
        0.0637998055        0.0310112828
        0.0751955542        0.0088888456
        0.0647155390        0.0094619993
        0.0556763406        0.0067635418
        0.0644039555        0.0622517942
        0.0553304191        0.0644500626
        0.0472446426        0.0617179334
        0.0554719846        0.0560490759
        0.0636902010        0.0208853385
        0.0554619003        0.0154507910
        0.0297501108        0.0627427067
        0.0384826415        0.0574697397
        0.0468062479        0.0515062749
        0.0553635543        0.0461528471
        0.0552753417        0.0359000209
        0.0299128002        0.0519640398
        0.0299189391        0.0410662661
        0.0475181425        0.0093523778
        0.0552369017        0.0255856678
        0.0468691168        0.0197324203
        0.0386974629        0.0134353755
        0.0383072983        0.0465818907
        0.0467516912        0.0410315185
        0.0467483736        0.0303446657
        0.0383087882        0.0355599593
        0.0383851853        0.0244626369
        0.0300332714        0.0078376273
        0.0299695628        0.0299108673
        0.0300523552        0.0188375412
        0.0214827866        0.0132885646
        0.0216363780        0.0244380008
        0.0132717083        0.0196466096
        0.0133554782        0.0616408996
        0.0214370207        0.0572499763
        0.0131740963        0.0517155200
        0.0215302683        0.0465276815
        0.0128118553        0.0089307203
        0.0048923501        0.0064719492
        0.0046933903        0.0150049408
       -0.0030152354        0.0090222193
       -0.0118329673        0.0129244834
       -0.0123463429        0.0236588672
       -0.0037751659        0.0192377451
       -0.0039217505        0.0296311862
        0.0046670479        0.0249566877
        0.0215580388        0.0354993320
        0.0131778813        0.0301554379
        0.0130750870        0.0409013952
        0.0045773256        0.0354158550
        0.0044456661        0.0460905475
       -0.0042809445        0.0506931677
       -0.0039922793        0.0401246983
       -0.0125092043        0.0343609507
        0.0041053458        0.0590969647
       -0.0063379723        0.0612476356
       -0.0122798610        0.0537954774
       -0.0207737086        0.0179573039
       -0.0209189631        0.0286527237
       -0.0294270876        0.0229656300
       -0.0293694223        0.0337477256
       -0.0126873311        0.0447952110
       -0.0210104767        0.0396235674
       -0.0211157363        0.0511446272
       -0.0300524314        0.0539949662
       -0.0293924447        0.0443143279
       -0.0378333393        0.0282780102
       -0.0377936472        0.0389777902
       -0.0378891718        0.0495608455
       -0.0461539548        0.0336392547
       -0.0461376753        0.0443297931
       -0.0461881829        0.0551403855
       -0.0544479138        0.0389758861
       -0.0544439763        0.0496428595
       -0.0161576775        0.0617581654
       -0.0260465580        0.0623285124
       -0.0367181761        0.0625127824
       -0.0466745701        0.0663391509
       -0.0546852771        0.0695901233
       -0.0547109291        0.0598605580
       -0.0626964251        0.0443311152
       -0.0626124717        0.0550830510
       -0.0622813632        0.0656178732
       -0.0708400110        0.0497155221
       -0.0705124537        0.0604780106
       -0.0699160666        0.0709935817
       -0.0789584856        0.0549484265
       -0.0786063934        0.0655077987
       -0.0785460863        0.0755295159
       -0.0872638381        0.0599543352
       -0.0871243213        0.0702709878
       -0.0872897298        0.0801804450
       -0.1563296159        0.1359644816
       -0.0957669206        0.0648151456
       -0.0957597577        0.0750438092
       -0.0959803130        0.0849990469
       -0.1043370820        0.0696063012
       -0.1043585706        0.0798400488
       -0.1045454505        0.0899203561
       -0.1128876311        0.0742899249
       -0.1128603482        0.0845171923
       -0.1129632079        0.0947443767
       -0.1736936642        0.1469250480
       -0.1653901527        0.1413000470
       -0.1735374496        0.1363016867
       -0.1645952766        0.1312161730
       -0.1214174772        0.0787417616
       -0.1213379486        0.0886972616
       -0.1300193989        0.0829623473
       -0.1300063006        0.0925641966
       -0.1215254734        0.0982372094
       -0.1226264638        0.1062074874
       -0.1303933713        0.1015577338
       -0.1298769742        0.1105211980
       -0.1387380606        0.0872203144
       -0.1387518036        0.0968130817
       -0.1474338333        0.0917470194
       -0.1472445533        0.1015961306
       -0.1385771283        0.1063287251
       -0.1377545470        0.1157457549
       -0.1459333898        0.1212841022
       -0.1467854610        0.1114446601
       -0.1560470262        0.0964746007
       -0.1557271634        0.1064957920
       -0.1550032856        0.1263966439
       -0.1552899880        0.1164898858
       -0.1646711485        0.1012276098
       -0.1643604261        0.1113151379
       -0.1641525256        0.1213473645
       -0.1733823228        0.1059214834
       -0.1732452186        0.1261079301
       -0.1731992064        0.1160258506
       -0.1821677616        0.1105414246
       -0.1909767968        0.1150795960
       -0.1820932922        0.1206439488
       -0.1909541441        0.1251337650
       -0.1821262188        0.1307733632
       -0.1909622366        0.1351796574
       -0.1821876353        0.1409427019
       -0.1831062156        0.1594487933
       -0.1822625366        0.1509748186
       -0.1910279971        0.1451145744
       -0.1904884417        0.1643275721
       -0.1913812484        0.1546466650
 
         2        93        22
        22        93       204
        93        94       204
        22       204       162
       204        94       205
       162       204       176
        22       162        21
        94        95       205
       204       205       175
       204       175       176
       170       162       176
        21       162       170
       205        95       206
       175       205       206
       178       176       175
       177       170       176
        21       170        20
        95        96       206
       183       175       206
       178       175       183
       177       176       178
       177       179       170
       170       179        20
       206        96       207
       208       183       206
       183       194       178
       178       182       177
       179       177       181
        20       179        19
        96        97       207
       206       207       208
       208       203       183
       178       194       182
       183       203       194
       177       182       181
       179       181       180
        19       179       180
       207        97       210
       208       207       210
       208       209       203
       194       197       182
       203       217       194
       182       192       181
       181       190       180
        19       180        18
        97       214       210
       208       210       209
       203       209       223
       182       197       192
       194       217       197
       217       203       223
       181       192       190
       180       190       187
        18       180       187
       210       214       216
        97        98       214
       210       216       209
       223       209       226
       192       197       193
       197       217       198
       223       224       217
       190       192       191
       188       187       190
        18       187        17
       214       215       216
        98        99       214
       209       216       226
       223       226       229
       198       193       197
       193       191       192
       217       224       198
       224       223       229
       188       190       191
       174       187       188
       174        17       187
       216       215       225
       214        99       215
       216       225       226
       229       226       231
       198       196       193
       193       195       191
       198       224       222
       224       229       228
       189       188       191
       186       174       188
        16        17       174
       225       215       213
        99       211       215
       231       226       225
       231       232       229
       193       196       195
       222       196       198
       191       195       189
       224       228       222
       232       228       229
       189       186       188
       186       173       174
       174       173        16
       215       211       213
       225       213       212
        99       100       211
       231       225       212
       232       231       241
       196       201       195
       222       221       196
       195       184       189
       222       228       227
       232       230       228
       186       189       185
       173       186       167
       173        15        16
       211       199       213
       212       213       244
       100       101       211
       241       231       212
       232       241       233
       195       201       184
       196       221       201
       221       222       227
       189       184       185
       230       227       228
       233       230       232
       167       186       185
       167       163       173
       173       163        15
       213       199       244
       211       101       199
       212       244       245
       241       212       245
       243       233       241
       184       201       200
       202       201       221
       227       220       221
       184       169       185
       230       219       227
       218       230       233
       168       167       185
       167       166       163
       163        14        15
       199       242       244
       199       101       236
       245       244       247
       241       245       243
       243       234       233
       200       201       202
       200       169       184
       221       220       202
       227       219       220
       185       169       168
       230       218       219
       234       218       233
       166       167       168
       166       165       163
       165        14       163
       244       242       247
       236       242       199
       101       102       236
       245       247       248
       248       243       245
       246       234       243
       276       200       202
       200       277       169
       202       220       275
       220       219       274
       168       169       278
       219       218       273
       234       272       218
       166       168       279
       280       165       166
       165        13        14
       240       247       242
       236       237       242
       236       102       237
       248       247       253
       248       246       243
       246       271       234
       275       276       202
       276       277       200
       169       277       278
       220       274       275
       219       273       274
       279       168       278
       218       272       273
       234       271       272
       280       166       279
       165       280       164
       165       164        13
       237       240       242
       253       247       240
       102       235       237
       254       248       253
       254       246       248
       246       270       271
       275       636       276
       276       638       277
       278       277       644
       275       274       630
       274       273       628
       648       279       278
       273       272       621
       272       271       618
       651       280       279
       164       280       654
       164        12        13
       238       240       237
       253       240       239
       237       235       238
       102       103       235
       254       253       265
       254       270       246
       271       270       615
       636       638       276
       630       636       275
       277       638       644
       648       278       644
       274       628       630
       273       621       628
       651       279       648
       272       618       621
       271       615       618
       654       280       651
       655       164       654
       655        12       164
       240       238       239
       253       239       265
       238       235       257
       103       104       235
       265       269       254
       254       269       270
       270       611       615
       638       636       637
       636       630       631
       639       644       638
       645       648       644
       630       628       629
       621       622       628
       649       651       648
       618       619       621
       615       616       618
       654       651       653
       656       655       654
       655        11        12
       238       261       239
       239       264       265
       235       104       257
       238       257       261
       265       268       269
       270       269       611
       611       612       615
       631       637       636
       637       639       638
       630       629       631
       639       645       644
       645       649       648
       622       629       628
       619       622       621
       649       653       651
       616       619       618
       612       616       615
       653       656       654
       657       655       656
       657        11       655
       261       264       239
       265       264       268
       104       258       257
       257       260       261
       269       268       608
       269       608       611
       609       612       611
       634       637       631
       640       639       637
       629       632       631
       643       645       639
       647       649       645
       623       629       622
       620       622       619
       650       653       649
       617       619       616
       613       616       612
       653       652       656
       658       657       656
       657        10        11
       261       263       264
       264       267       268
       258       260       257
       104       105       258
       261       260       263
       268       605       608
       608       609       611
       610       612       609
       634       631       632
       634       640       637
       643       639       640
       623       632       629
       643       647       645
       647       650       649
       620       623       622
       617       620       619
       652       653       650
       613       617       616
       610       613       612
       652       658       656
       659       657       658
       659        10       657
       264       263       267
       268       267       605
       258       259       260
       105       106       258
       260       262       263
       605       606       608
       606       609       608
       607       610       609
       633       634       632
       635       640       634
       641       643       640
        74       632       623
       642       647       643
       646       650       647
        73       623       620
        72       620       617
       627       652       650
        71       617       613
        70       613       610
       652       626       658
       660       659       658
       659         9        10
       263       266       267
       267       602       605
       260       259       262
       258       106       259
       263       262       266
       603       606       605
       607       609       606
        69       610       607
        74       633       632
       633       635       634
       635       641       640
       642       643       641
        74       623        73
       646       647       642
       646       627       650
        73       620        72
        72       617        71
       652       627       626
        71       613        70
        70       610        69
       626       660       658
       663       659       660
       663         9       659
       267       266       602
       602       603       605
       262       259       255
       106       250       259
       266       262       256
       604       606       603
       604       607       606
        69       607        68
        75       633        74
        75       635       633
        76       641       635
       642       641        77
        78       646       642
       627       646       614
       626       627       625
       626       624       660
       663       660       662
       663         8         9
       266       594       602
       603       602       595
       250       255       259
       262       255       256
       106       107       250
       266       256       594
       601       604       603
        68       607       604
        76       635        75
        77       641        76
        78       642        77
       614       646        78
       625       627       614
       626       625       624
       624       662       660
       662       665       663
       665         8       663
       594       595       602
       603       595       601
       251       255       250
       256       255       252
       107       251       250
       256       591       594
       600       604       601
        68       604       600
        79       614        78
        80       625       614
        81       624       625
        82       662       624
       665       662       661
         7         8       665
       595       594       592
       595       593       601
       255       251       252
       256       252       591
       107       172       251
       591       592       594
       600       601       599
        68       600        67
        80       614        79
        81       625        80
        82       624        81
       662        82       661
       665       661       664
       664         7       665
       595       592       593
       599       601       593
       252       251       249
       252       588       591
       172       249       251
       107       108       172
       592       591       589
        67       600       599
       661        82        83
       661        83       664
         6         7       664
       593       592       590
       599       593       598
       252       249       588
       588       589       591
       249       172       171
       108       109       172
       592       589       590
        67       599        66
       664        83        84
         6       664        84
       593       590       598
        66       599       598
       249       581       588
       589       588       582
       109       171       172
       249       171       581
       590       589       587
         6        84        85
       590       586       598
        66       598        65
       581       582       588
       589       582       587
       109       158       171
       171       579       581
       590       587       586
         5         6        85
       586       597       598
        65       598       597
       582       581       580
       582       584       587
       171       158       579
       109       110       158
       579       580       581
       587       585       586
         5        85         1
       586       585       597
        65       597        64
       582       580       584
       584       585       587
       158       563       579
       110       111       158
       579       564       580
       585       596       597
        64       597       596
       580       575       584
       583       585       584
       579       563       564
       158       111       563
       564       575       580
       578       596       585
        64       596        63
       575       583       584
       583       578       585
       563       565       564
       111       562       563
       564       566       575
       577       596       578
        63       596       577
       583       575       574
       578       583       573
       564       565       566
       563       562       565
       111       112       562
       566       574       575
       578       573       577
        63       577        62
       573       583       574
       565       567       566
       565       562       561
       112       560       562
       571       574       566
       573       576       577
        62       577       576
       573       574       572
       571       566       567
       565       561       567
       560       561       562
       112       113       560
       571       572       574
       573       572       576
        62       576        61
       567       569       571
       567       561       554
       560       559       561
       113       559       560
       570       572       571
       557       576       572
        61       576       555
       569       570       571
       567       554       569
       561       559       554
       113       114       559
       570       557       572
       555       576       557
        61       555        60
       570       569       568
       554       553       569
       552       554       559
       114       552       559
       570       558       557
       556       555       557
       555       556        60
       553       568       569
       558       570       568
       553       554       552
       114       549       552
       556       557       558
        60       556       533
       553       550       568
       558       568       539
       552       551       553
       549       551       552
       114       115       549
       556       558       538
       533       556       538
        60       533        59
       539       568       550
       553       551       550
       558       539       538
       549       543       551
       115       116       549
       534       533       538
        59       533        58
       547       539       550
       551       548       550
       538       539       544
       543       548       551
       116       543       549
       538       544       534
       533       534        58
       547       550       548
       544       539       547
       543       542       548
       116       540       543
       534       544       535
        58       534       529
       548       546       547
       545       544       547
       542       546       548
       540       542       543
       116       117       540
       544       545       535
       534       535       529
        58       529        57
       545       547       546
       542       541       546
       540       532       542
       117       526       540
       535       545       536
       529       535       530
       529       528        57
       545       546       537
       537       546       541
       532       541       542
       526       532       540
       117       118       526
       536       545       537
       535       536       530
       529       530       528
        57       528        56
       541       523       537
       532       531       541
       526       525       532
       118       525       526
       536       537       521
       530       536       522
       528       530       527
        56       528       527
       521       537       523
       541       531       523
       525       531       532
       118       119       525
       522       536       521
       530       522       527
        56       527        55
       521       523       514
       523       531       511
       525       509       531
       119       524       525
       522       521       520
       519       527       522
        55       527       152
       523       511       514
       521       514       520
       511       531       509
       525       524       509
       119       120       524
       520       519       522
       152       527       519
        55       152        54
       514       511       513
       516       520       514
       510       511       509
       510       509       524
       120       157       524
       519       520       518
       152       519       517
       152       517        54
       513       511       510
       516       514       513
       516       518       520
       157       510       524
       120       121       157
       517       519       518
        54       517        53
       513       510       507
       513       508       516
       518       516       515
       505       510       157
       121       486       157
       517       518       512
        53       517       512
       505       507       510
       513       507       508
       508       515       516
       512       518       515
       157       486       505
       121       122       486
        53       512       503
       505       498       507
       507       502       508
       515       508       506
       512       515       504
       486       498       505
       122       485       486
       503       512       504
        53       503        52
       498       502       507
       502       506       508
       504       515       506
       497       498       486
       486       485       497
       122       123       485
       503       504       496
        52       503       495
       500       502       498
       506       502       501
       504       506       499
       498       497       500
       485       488       497
       123       488       485
       496       504       499
       503       496       495
        52       495        51
       500       501       502
       499       506       501
       497       489       500
       488       489       497
       123       124       488
       496       499       478
       495       496       494
        51       495       494
       500       491       501
       499       501       490
       489       491       500
       488       482       489
       124       481       488
       478       499       490
       496       478       494
        51       494        50
       490       501       491
       489       484       491
       482       484       489
       481       482       488
       124       125       481
       478       490       479
       478       412       494
        50       494       493
       491       487       490
       484       487       491
       482       471       484
       481       469       482
       125       469       481
       490       487       479
       479       412       478
       412       493       494
        50       493        49
       484       483       487
       471       483       484
       469       471       482
       125       468       469
       479       487       480
       479       477       412
       412       477       493
        49       493       492
       480       487       483
       474       483       471
       470       471       469
       469       468       470
       125       126       468
       480       477       479
       477       492       493
        49       492        48
       483       475       480
       470       474       471
       474       475       483
       468       465       470
       126       127       468
       477       480       476
       473       492       477
        48       492       472
       475       476       480
       470       467       474
       474       466       475
       465       467       470
       468       127       465
       476       473       477
       472       492       473
        48       472        47
       448       476       475
       474       467       466
       466       448       475
       465       463       467
       127       461       465
       473       476       411
       473       411       472
        47       472       413
       411       476       448
       467       464       466
       466       462       448
       463       464       467
       461       463       465
       127       128       461
       411       426       472
       413       472       426
        47       413        46
       439       411       448
       462       466       464
       448       462       439
       463       447       464
       461       460       463
       128       460       461
       439       426       411
       413       426       414
        46       413       414
       464       446       462
       439       462       440
       464       447       446
       463       460       447
       128       129       460
       426       439       427
       426       427       414
        46       414        45
       440       462       446
       439       440       427
       447       445       446
       447       460       443
       129       459       460
       414       427       383
        45       414       382
       444       440       446
       427       440       438
       444       446       445
       447       443       445
       443       460       459
       129       130       459
       427       438       383
       382       414       383
        45       382        44
       440       444       438
       445       442       444
       445       443       435
       443       459       458
       130       458       459
       383       438       437
       382       383       423
       382       423        44
       438       444       441
       441       444       442
       445       435       442
       435       443       458
       130       131       458
       438       441       437
       423       383       437
        44       423       420
       441       442       432
       442       435       434
       435       458       433
       131       457       458
       437       441       436
       423       437       424
       423       424       420
        44       420        43
       432       442       434
       441       432       436
       435       433       434
       433       458       457
       131       132       457
       424       437       436
       420       424       421
        43       420        42
       432       434       430
       431       436       432
       434       433       428
       433       457       428
       132       456       457
       425       424       436
       424       425       421
       420       421        42
       434       428       430
       432       430       431
       425       436       431
       428       457       416
       416       457       456
       132       133       456
       421       425       419
        42       421       400
       430       428       417
       431       430       429
       425       431       422
       428       416       417
       416       456       455
       133       455       456
       419       425       422
       400       421       419
        42       400        41
       430       417       429
       422       431       429
       417       416       370
       416       455       370
       133       134       455
       419       422       418
       401       400       419
        41       400       401
       429       417       415
       422       429       410
       417       370       415
       370       455       366
       134       454       455
       422       410       418
       401       419       418
        41       401        40
       429       415       410
       415       370       407
       366       455       454
       407       370       366
       134       135       454
       409       418       410
       406       401       418
       401       402        40
       415       408       410
       415       407       408
       366       454       453
       407       366       388
       135       453       454
       408       409       410
       406       418       409
       406       402       401
        40       402        39
       408       407       391
       388       366       453
       407       388       391
       135       136       453
       409       408       405
       406       409       404
       402       406       403
       402       403        39
       408       391       405
       388       453       387
       388       390       391
       136       452       453
       404       409       405
       403       406       404
        39       403       398
       391       396       405
       387       453       452
       390       388       387
       391       390       396
       136       137       452
       404       405       397
       403       404       399
       398       403       399
        39       398        38
       405       396       397
       387       452       386
       390       387       389
       390       393       396
       137       451       452
       404       397       399
       398       399       392
        38       398        37
       395       397       396
       386       452       451
       387       386       389
       393       390       389
       396       393       395
       137       138       451
       394       399       397
       392       399       394
       398       392        37
       395       394       397
       386       451       385
       389       386       385
       393       389       375
       395       393       376
       138       450       451
       392       394       381
        37       392       380
       394       395       384
       385       451       450
       375       389       385
       393       375       376
       395       376       384
       138       139       450
       381       394       384
       380       392       381
        37       380        36
       385       450       371
       375       385       371
       373       376       375
       384       376       377
       139       449       450
       381       384       378
       380       381       379
        36       380       155
       371       450       367
       375       371       373
       377       376       373
       384       377       378
       367       450       449
       139       140       449
       381       378       379
       380       379       155
        36       155        35
       367       369       371
       371       369       373
       373       372       377
       378       377       288
       363       367       449
       140       156       449
       374       379       378
       155       379       161
        35       155       161
       365       369       367
       369       372       373
       372       288       377
       378       288       374
       156       363       449
       365       367       363
       140       141       156
       161       379       374
        35       161        34
       368       369       365
       369       368       372
       372       289       288
       292       374       288
       156       361       363
       363       362       365
       156       141       361
       285       161       374
       161       285        34
       365       364       368
       368       289       372
       292       288       289
       285       374       292
       361       362       363
       362       364       365
       141       142       361
        34       285       294
       290       368       364
       368       290       289
       289       293       292
       285       292       295
       361       359       362
       362       360       364
       142       359       361
       294       285       295
        34       294        33
       358       290       364
       290       293       289
       295       292       293
       359       360       362
       358       364       360
       142       352       359
       294       295       296
        33       294        32
       358       291       290
       290       291       293
       297       295       293
       359       356       360
       357       358       360
       352       356       359
       142       143       352
       296       295       297
       294       296        32
       321       291       358
       293       291       297
       356       357       360
       321       358       357
       354       356       352
       143       144       352
       297       298       296
        32       296       286
       321       299       291
       291       299       297
       356       355       357
       353       321       357
       352       144       354
       354       355       356
       298       286       296
       298       297       299
        32       286        31
       299       321       320
       353       357       355
       321       353       320
       144       346       354
       354       350       355
       298       301       286
       299       300       298
        31       286        30
       300       299       320
       355       351       353
       320       353       344
       346       350       354
       144       145       346
       350       351       355
       286       301        30
       298       300       301
       300       320       315
       344       353       351
       320       344       315
       348       350       346
       145       348       346
       350       349       351
       301       302        30
       301       300       303
       303       300       315
       347       344       351
       315       344       343
       348       349       350
       145       146       348
       347       351       349
        30       302        29
       301       303       302
       303       315       314
       344       347       343
       315       343       314
       348       287       349
       146       281       348
       345       347       349
       302       154        29
       302       303       304
       304       303       314
       343       347       342
       314       343       318
       287       345       349
       348       281       287
       146       147       281
       342       347       345
        29       154        28
       302       304       154
       304       314       308
       318       343       342
       314       318       308
       340       345       287
       281       335       287
       281       147       335
       342       345       341
       154       305        28
       154       304       305
       305       304       308
       323       318       342
       308       318       313
       340       287       335
       340       341       345
       147       334       335
       342       341       323
        28       305        27
       305       308       307
       318       323       313
       308       313       307
       335       338       340
       339       341       340
       335       334       338
       147       148       334
       323       341       337
       305       307        27
       313       323       322
       307       313       312
       338       339       340
       339       337       341
       334       333       338
       148       149       334
       323       337       322
        27       307       306
       322       312       313
       312       306       307
       339       338       332
       337       339       336
       332       338       333
       149       333       334
       322       337       326
        27       306        26
       322       317       312
       312       309       306
       339       332       336
       337       336       326
       332       333       331
       149       284       333
       326       317       322
       306        25        26
       317       309       312
       309        25       306
       330       336       332
       326       336       328
       333       284       331
       331       330       332
       149       150       284
       326       325       317
       317       316       309
       310        25       309
       328       336       330
       325       326       328
       331       284       282
       329       330       331
       150       282       284
       325       316       317
       309       316       310
       310        24        25
       328       330       327
       325       328       324
       282       283       331
       331       283       329
       327       330       329
       150       151       282
       325       319       316
       316       311       310
       160        24       310
       324       328       327
       319       325       324
       283       282        86
        87       329       283
       327       329        88
       282       151        86
       319       311       316
       311       160       310
       160        23        24
       324       327        89
       319       324       153
        87       283        86
        88       329        87
        89       327        88
       151         4        86
       311       319       153
       159       160       311
       159        23       160
        90       324        89
       153       324        90
       159       311       153
        92        23       159
        91       153        90
       159       153        91
        92       159        91
         3        23        92
