"Global_Index", "x_coord", "y_coord", "Pressure", "Pressure_Coefficient", "Mach_Number"
199, 1.000000000000000e+00, 0.000000000000000e+00, 1.105588565354006e+05, 5.207490203602601e-01, 2.894081444796776e-01
0, 9.997479806459393e-01, -2.437591598689701e-05, 1.117399825753163e+05, 5.873593500583709e-01, 3.214986691397087e-01
1, 9.989919939811956e-01, -9.933469521548859e-05, 1.103252165579480e+05, 5.075727500869484e-01, 3.480997080513853e-01
2, 9.977424189850771e-01, -2.277197003881564e-04, 1.091332357451772e+05, 4.403502587953718e-01, 3.702623136783910e-01
3, 9.959893565603571e-01, -4.117917882282988e-04, 1.080220848491249e+05, 3.776862203870121e-01, 3.902270527995109e-01
4, 9.937322106981301e-01, -6.424383959868791e-04, 1.068663972437593e+05, 3.125105068561151e-01, 4.092673711934612e-01
5, 9.909791484009243e-01, -8.883585521754964e-04, 1.059366397377018e+05, 2.600762602771466e-01, 4.253799920460192e-01
6, 9.877364835274297e-01, -1.090133300892837e-03, 1.055953306581447e+05, 2.408279247482117e-01, 4.331551812481447e-01
7, 9.839825703785285e-01, -1.224961630297301e-03, 1.057695328188029e+05, 2.506521627748259e-01, 4.320955448439104e-01
8, 9.797508194239782e-01, -1.336821064639826e-03, 1.059163837718632e+05, 2.589339126213781e-01, 4.288920790935898e-01
9, 9.750260198978421e-01, -1.499243164150074e-03, 1.057693061193743e+05, 2.506393779210775e-01, 4.298009423199713e-01
10, 9.698382315942419e-01, -1.703799920335533e-03, 1.055589254284900e+05, 2.387748294238505e-01, 4.333515838567920e-01
11, 9.641649826935917e-01, -1.915428606211655e-03, 1.054232264785007e+05, 2.311220036516556e-01, 4.360835380559023e-01
12, 9.580268316642977e-01, -2.136186046344956e-03, 1.053101277927803e+05, 2.247437336875173e-01, 4.378739331831012e-01
13, 9.514247759513221e-01, -2.377390435731833e-03, 1.051888514438178e+05, 2.179042793736008e-01, 4.397047876537855e-01
14, 9.443690335736494e-01, -2.638145146348162e-03, 1.050664703712153e+05, 2.110025234903432e-01, 4.416635798319085e-01
15, 9.368697342517153e-01, -2.915321996398377e-03, 1.049535400564555e+05, 2.046337489101142e-01, 4.435018739531816e-01
16, 9.289370759794200e-01, -3.206847055747000e-03, 1.048533572770171e+05, 1.989838794271391e-01, 4.451308160807025e-01
17, 9.205611881110689e-01, -3.513906127735078e-03, 1.047604096078760e+05, 1.937420384407179e-01, 4.466109123988341e-01
18, 9.117726270635308e-01, -3.836483851829857e-03, 1.046715783050990e+05, 1.887323424679567e-01, 4.480181868076876e-01
19, 9.025615262026263e-01, -4.174951631841077e-03, 1.045873458329698e+05, 1.839820003789667e-01, 4.493563606058742e-01
20, 8.929482108317043e-01, -4.528135156939408e-03, 1.045084606001202e+05, 1.795332191389891e-01, 4.506105602831720e-01
21, 8.829429659574788e-01, -4.895570298533471e-03, 1.044346761322883e+05, 1.753720986803867e-01, 4.517831636654260e-01
22, 8.725459177724805e-01, -5.277399707647422e-03, 1.043650061808511e+05, 1.714430189052844e-01, 4.528811166202327e-01
23, 8.617775154372930e-01, -5.672904495795080e-03, 1.042993593842375e+05, 1.677408274216620e-01, 4.539171020580967e-01
24, 8.506580671017357e-01, -6.081292680010515e-03, 1.042374256562472e+05, 1.642480367274882e-01, 4.548920319924491e-01
25, 8.391675846595384e-01, -6.503295017739687e-03, 1.041789210821734e+05, 1.609486352781853e-01, 4.558115504107884e-01
26, 8.273465110228575e-01, -6.937439689071498e-03, 1.041236894449856e+05, 1.578338131182206e-01, 4.566788062741645e-01
27, 8.152050864290890e-01, -7.383348973747074e-03, 1.040713980994450e+05, 1.548848105146786e-01, 4.574968487132387e-01
28, 8.027334146826269e-01, -7.841383993082061e-03, 1.040218719240339e+05, 1.520917513818444e-01, 4.582725190081222e-01
29, 7.899618611087095e-01, -8.310431120817269e-03, 1.039750451353158e+05, 1.494509258223259e-01, 4.590037222343168e-01
30, 7.769005874833718e-01, -8.790116742022340e-03, 1.039305080749260e+05, 1.469392309006260e-01, 4.596963216789787e-01
31, 7.635698994171211e-01, -9.279695588992921e-03, 1.038883601095306e+05, 1.445622704609988e-01, 4.603558777349356e-01
32, 7.499699766576249e-01, -9.779164378115053e-03, 1.038482801341556e+05, 1.423019355908839e-01, 4.609789760803419e-01
33, 7.361109672965159e-01, -1.028813860740242e-02, 1.038101503958095e+05, 1.401515855378793e-01, 4.615700213923526e-01
34, 7.220231221955510e-01, -1.080552094294403e-02, 1.037739749892868e+05, 1.381114512304431e-01, 4.621327666143640e-01
35, 7.077167535820365e-01, -1.133099197319123e-02, 1.037392367101491e+05, 1.361523646060626e-01, 4.626666661279299e-01
36, 6.931919083884791e-01, -1.186449246995026e-02, 1.037063407468964e+05, 1.342971765194809e-01, 4.631793199978360e-01
37, 6.784788709074294e-01, -1.240492049250016e-02, 1.036746492176979e+05, 1.325099132324058e-01, 4.636669789699033e-01
38, 6.635878196739301e-01, -1.295195842597940e-02, 1.036443183717275e+05, 1.307993865131302e-01, 4.641342856988286e-01
39, 6.485289219990362e-01, -1.350505079292134e-02, 1.036154188499947e+05, 1.291695802048388e-01, 4.645799381903721e-01
40, 6.333224193895296e-01, -1.406346841226885e-02, 1.035877469408966e+05, 1.276090058663621e-01, 4.650047871654037e-01
41, 6.179884226445331e-01, -1.462651999802861e-02, 1.035610488079932e+05, 1.261033482354926e-01, 4.654132642063378e-01
42, 6.025371391690610e-01, -1.519374753321044e-02, 1.035356517175434e+05, 1.246710636942438e-01, 4.658033999986637e-01
43, 5.869787109902403e-01, -1.576469419901694e-02, 1.035113828697831e+05, 1.233024070936164e-01, 4.661749742349786e-01
44, 5.713332849853330e-01, -1.633882143506653e-02, 1.034878789106921e+05, 1.219768868600804e-01, 4.665330981247016e-01
45, 5.556109288365151e-01, -1.691587231630224e-02, 1.034650378562387e+05, 1.206887515414282e-01, 4.668810718778898e-01
46, 5.398419303322076e-01, -1.749478390341470e-02, 1.034427422494825e+05, 1.194313770812442e-01, 4.672211014844104e-01
47, 5.240262712637356e-01, -1.807579375523807e-02, 1.034205390996483e+05, 1.181792167860617e-01, 4.675576724013222e-01
48, 5.081940798140884e-01, -1.865793412415186e-02, 1.033980391145196e+05, 1.169103162818173e-01, 4.678986140449207e-01
49, 4.923454198851989e-01, -1.924136092431741e-02, 1.033744689751153e+05, 1.155810637687969e-01, 4.682517247545152e-01
50, 4.765103233246210e-01, -1.982476806713582e-02, 1.033500048408354e+05, 1.142013938647431e-01, 4.686200196039407e-01
51, 4.606987643781189e-01, -2.040716641035119e-02, 1.033253548397647e+05, 1.128112418886712e-01, 4.689935905578621e-01
52, 4.449206911657121e-01, -2.098758748819955e-02, 1.033005008999288e+05, 1.114095886604666e-01, 4.693674072457308e-01
53, 4.292060523549715e-01, -2.156456142592648e-02, 1.032755588984409e+05, 1.100029691412142e-01, 4.697427118298336e-01
54, 4.135546789739186e-01, -2.213744570222113e-02, 1.032513901604159e+05, 1.086399582906974e-01, 4.701075625894678e-01
55, 3.979864508080306e-01, -2.270496204724198e-02, 1.032294111836079e+05, 1.074004403712481e-01, 4.704476529496467e-01
56, 3.825211713120253e-01, -2.326671120113571e-02, 1.032089165890140e+05, 1.062446351000114e-01, 4.707618870215797e-01
57, 3.671787001609986e-01, -2.382361244208669e-02, 1.031873984738854e+05, 1.050311077585086e-01, 4.710884553517485e-01
58, 3.519587591619148e-01, -2.437761541423036e-02, 1.031622314635433e+05, 1.036117987264928e-01, 4.714696956189026e-01
59, 3.368811117293433e-01, -2.492978017171840e-02, 1.031308629108934e+05, 1.018427499005820e-01, 4.719455286212801e-01
60, 3.219754275400540e-01, -2.548063360422829e-02, 1.030908420457309e+05, 9.958574858727075e-02, 4.725615192488749e-01
61, 3.072412836594133e-01, -2.603177504626929e-02, 1.030331124812602e+05, 9.633005428135528e-02, 4.734138184840856e-01
62, 2.926882072272655e-01, -2.658375985437395e-02, 1.029495460456661e+05, 9.161727373253342e-02, 4.746298401800801e-01
63, 2.783454446663057e-01, -2.712997044623984e-02, 1.028449441814959e+05, 8.571818724731024e-02, 4.761762069951347e-01
64, 2.642218842676021e-01, -2.765910477278413e-02, 1.027301586589856e+05, 7.924478708459376e-02, 4.779087883058579e-01
65, 2.503164919347599e-01, -2.816125348847724e-02, 1.026110936615672e+05, 7.253004330152073e-02, 4.796878029957328e-01
66, 2.366581897003055e-01, -2.862643043571986e-02, 1.024935894915361e+05, 6.590332333924635e-02, 4.814525405193866e-01
67, 2.232559525202327e-01, -2.904652303154732e-02, 1.023803314386648e+05, 5.951606576658209e-02, 4.831322038626040e-01
68, 2.101187884365387e-01, -2.941463229240750e-02, 1.022737677460898e+05, 5.350634076147203e-02, 4.847161963060606e-01
69, 1.972657491121992e-01, -2.972461345736771e-02, 1.021732838927816e+05, 4.783949203237946e-02, 4.861725929751094e-01
70, 1.846958180962784e-01, -2.997106760027412e-02, 1.020828106020037e+05, 4.273719513608898e-02, 4.874930014997139e-01
71, 1.724280726450070e-01, -3.014768160124787e-02, 1.020066031846323e+05, 3.843943094750650e-02, 4.885831629355396e-01
72, 1.604716291200740e-01, -3.024981902978030e-02, 1.019487318517451e+05, 3.517574152452208e-02, 4.894145294658765e-01
73, 1.488456437475170e-01, -3.027432710366624e-02, 1.019106823809152e+05, 3.302991820747651e-02, 4.899193572793527e-01
74, 1.375593076678026e-01, -3.021925503938596e-02, 1.018977235677162e+05, 3.229909796432915e-02, 4.900841793431593e-01
75, 1.266116444273977e-01, -3.008424671122008e-02, 1.019068502460333e+05, 3.281380260312718e-02, 4.898685842890920e-01
76, 1.160115079749779e-01, -2.987096221797131e-02, 1.019312705032452e+05, 3.419099803293343e-02, 4.893976612176094e-01
77, 1.057882026869467e-01, -2.958102634747381e-02, 1.019852837892554e+05, 3.723711052865818e-02, 4.885478234665687e-01
78, 9.593074031378646e-02, -2.921439169710833e-02, 1.020917311560687e+05, 4.324027527087122e-02, 4.871304800314661e-01
79, 8.645700676069175e-02, -2.878480087793376e-02, 1.021704675537154e+05, 4.768066285801115e-02, 4.858488549373145e-01
80, 7.737336482736758e-02, -2.831751259983032e-02, 1.020791173016870e+05, 4.252890919245882e-02, 4.864288959234725e-01
81, 6.867912573992604e-02, -2.779811473921090e-02, 1.018641148272724e+05, 3.040371236952389e-02, 4.889337905820582e-01
82, 6.039834218924724e-02, -2.716135415179849e-02, 1.017078653846116e+05, 2.159192891961866e-02, 4.909283930675580e-01
83, 5.253400946935715e-02, -2.635611369797274e-02, 1.017855197890961e+05, 2.597129683669176e-02, 4.896684640548891e-01
84, 4.510193285046595e-02, -2.535504818411204e-02, 1.022664134573295e+05, 5.309159112217578e-02, 4.830446868509948e-01
85, 3.811371957484584e-02, -2.418046576924379e-02, 1.031480315016194e+05, 1.028109831373965e-01, 4.710301882583794e-01
86, 3.155539328792403e-02, -2.291482280171259e-02, 1.036508266101248e+05, 1.311664226216800e-01, 4.610995505437596e-01
87, 2.541439525307741e-02, -2.165360012595726e-02, 1.034084568686701e+05, 1.174978319365603e-01, 4.598647050303507e-01
88, 1.974299055931022e-02, -2.019322152981006e-02, 1.035344358480830e+05, 1.246024939879743e-01, 4.565145604169765e-01
89, 1.461222614850272e-02, -1.828971961261943e-02, 1.053387098377429e+05, 2.263556356980244e-01, 4.316020896729548e-01
90, 1.019029103672049e-02, -1.586542027599434e-02, 1.089119966541322e+05, 4.278733441405504e-01, 3.750110080369782e-01
91, 6.484327949780210e-03, -1.301963233398084e-02, 1.130318569491376e+05, 6.602154001839987e-01, 2.931395124020317e-01
92, 3.511257575773538e-03, -9.928876055583563e-03, 1.168462042928988e+05, 8.753278653779615e-01, 1.950051881082575e-01
93, 1.344287750440642e-03, -6.652635941953132e-03, 1.197833661999658e+05, 1.040970918189181e+00, 7.843617932103381e-02
94, 1.354901677653158e-04, -3.258010014325560e-03, 1.201763418186763e+05, 1.063133019981042e+00, 5.708989585873278e-02
95, 8.911740336787870e-06, 7.896813478012847e-05, 1.167170042410580e+05, 8.680415489652397e-01, 1.911479490284743e-01
96, 7.448217580284149e-04, 3.067019979172356e-03, 1.120288055424029e+05, 6.036476989829278e-01, 2.951398663370204e-01
97, 1.959930813681258e-03, 5.728940780494494e-03, 1.085960921316849e+05, 4.100577142397445e-01, 3.633249985941309e-01
98, 3.456605980404547e-03, 8.153390666634081e-03, 1.063133578615579e+05, 2.813215106444148e-01, 4.106759525757944e-01
99, 4.259399728404183e-03, 9.276727604372755e-03, 1.046048288695320e+05, 1.849679669821716e-01, 4.325918763740798e-01
100, 5.100279799895619e-03, 1.037132824414903e-02, 1.042706861791884e+05, 1.661237843819901e-01, 4.426948677565423e-01
101, 6.933524421914647e-03, 1.255361048608996e-02, 1.034879279586085e+05, 1.219796529475005e-01, 4.604955110642262e-01
102, 8.914363156701594e-03, 1.471111268907803e-02, 1.020981583647762e+05, 4.360274166021370e-02, 4.803630487539426e-01
103, 1.106266449961990e-02, 1.691871151909640e-02, 1.011023101540253e+05, -1.255873087164550e-02, 4.976524276708966e-01
104, 1.342189884843083e-02, 1.926324468446535e-02, 9.970332977455776e+04, -9.145509008168859e-02, 5.203584105632785e-01
105, 1.601974578562024e-02, 2.176655376208303e-02, 9.767977730781394e+04, -2.055745764159773e-01, 5.504039797368038e-01
106, 1.891756931155258e-02, 2.442349145956459e-02, 9.521925909185006e+04, -3.443370150167389e-01, 5.845415383956273e-01
107, 2.218181711310122e-02, 2.720503387665085e-02, 9.272183185185905e+04, -4.851809607354523e-01, 6.181078517101009e-01
108, 2.586377068998127e-02, 3.007983945349136e-02, 9.043691882587074e+04, -6.140400366080438e-01, 6.484133414679938e-01
109, 2.997873849251243e-02, 3.300494144605864e-02, 8.846244038481655e+04, -7.253919630712178e-01, 6.741517863329527e-01
110, 3.457146376821888e-02, 3.596141228165431e-02, 8.690341398179115e+04, -8.133142162466661e-01, 6.941088038787376e-01
111, 3.962612247759768e-02, 3.891734184656353e-02, 8.576999210328836e+04, -8.772342404123448e-01, 7.089685051171015e-01
112, 4.515366249589383e-02, 4.187497160556135e-02, 8.489496998467282e+04, -9.265816511410770e-01, 7.206718829844208e-01
113, 5.115038989779125e-02, 4.481759807153707e-02, 8.420346151251170e+04, -9.655796968729086e-01, 7.296495019428312e-01
114, 5.761013408469368e-02, 4.773187976296031e-02, 8.374425459727182e+04, -9.914769533807440e-01, 7.355829744550879e-01
115, 6.453071033809038e-02, 5.062013498757974e-02, 8.346193000341242e+04, -1.007398822549087e+00, 7.393784920810199e-01
116, 7.190041741943067e-02, 5.348267125410818e-02, 8.323555744948686e+04, -1.020165242001375e+00, 7.424036488084642e-01
117, 7.970677462881581e-02, 5.632339549727647e-02, 8.297049332134461e+04, -1.035113696586255e+00, 7.461208474042892e-01
118, 8.794478460748167e-02, 5.915184096218675e-02, 8.254509765476228e+04, -1.059104146923984e+00, 7.520192682715944e-01
119, 9.660014850384963e-02, 6.194600489254052e-02, 8.198391678039338e+04, -1.090752287595453e+00, 7.592730665866307e-01
120, 1.056807611649704e-01, 6.468188267295782e-02, 8.147142439720528e+04, -1.119654610851629e+00, 7.658156654059095e-01
121, 1.151808608380332e-01, 6.734054014167401e-02, 8.108481934231018e+04, -1.141457440777686e+00, 7.708231523416760e-01
122, 1.250809176098751e-01, 6.990914859400198e-02, 8.078987616638555e+04, -1.158090942645064e+00, 7.746740750590746e-01
123, 1.353903527178143e-01, 7.238461898922721e-02, 8.053696732812683e+04, -1.172353892178530e+00, 7.780361166528047e-01
124, 1.460793048693581e-01, 7.475576874339054e-02, 8.028485424831645e+04, -1.186571964424718e+00, 7.813798685641449e-01
125, 1.571381378964340e-01, 7.701251395088667e-02, 8.001874144244446e+04, -1.201579559835356e+00, 7.849868619966901e-01
126, 1.685678712450760e-01, 7.914130221552838e-02, 7.975674471694279e+04, -1.216355026361127e+00, 7.884702130919874e-01
127, 1.803602414147565e-01, 8.111950731298859e-02, 7.956000804889401e+04, -1.227450111796186e+00, 7.910756368208447e-01
128, 1.924967648569612e-01, 8.291992956835675e-02, 7.951646918221127e+04, -1.229905512969651e+00, 7.915466990041007e-01
129, 2.049669305341442e-01, 8.452145229015251e-02, 7.970815556401495e+04, -1.219095241534528e+00, 7.889923708936595e-01
130, 2.177482639719044e-01, 8.591474543195453e-02, 8.014711895180815e+04, -1.194339631211694e+00, 7.833099534819234e-01
131, 2.308362889661849e-01, 8.711026522404022e-02, 8.076210141606722e+04, -1.159657316777430e+00, 7.755473315942570e-01
132, 2.442072014555637e-01, 8.811976668035441e-02, 8.146167558786867e+04, -1.120204400952033e+00, 7.666204467857307e-01
133, 2.578477171053625e-01, 8.895937878244427e-02, 8.220426227291305e+04, -1.078325767979244e+00, 7.571524515131151e-01
134, 2.717451209584065e-01, 8.964929894049060e-02, 8.294460373582358e+04, -1.036573755690046e+00, 7.476604948736382e-01
135, 2.858673707778511e-01, 9.021350822347697e-02, 8.362188174303611e+04, -9.983782457841539e-01, 7.390332667555032e-01
136, 3.002130293306540e-01, 9.067840272253974e-02, 8.416498829970018e+04, -9.677494173797085e-01, 7.322269377058835e-01
137, 3.147715479159264e-01, 9.106179667804623e-02, 8.452710870531220e+04, -9.473274143139290e-01, 7.277122996956416e-01
138, 3.295131081230541e-01, 9.135446130658502e-02, 8.475319265516054e+04, -9.345772708661357e-01, 7.247870781590406e-01
139, 3.444278001184291e-01, 9.154352022776115e-02, 8.493206430154075e+04, -9.244896943193682e-01, 7.224712861027003e-01
140, 3.595154046411853e-01, 9.161717982388523e-02, 8.509751135304853e+04, -9.151592060597922e-01, 7.203885028345484e-01
141, 3.747453631700423e-01, 9.156247291368869e-02, 8.526719003864907e+04, -9.055900721920794e-01, 7.181867627636119e-01
142, 3.900967333882293e-01, 9.136665034731588e-02, 8.547244353757463e+04, -8.940146748398226e-01, 7.155233994504641e-01
143, 4.055683236722259e-01, 9.101829654436111e-02, 8.574104482476279e+04, -8.788667399943441e-01, 7.119617918834544e-01
144, 4.211387660915826e-01, 9.051380230709559e-02, 8.608435077768599e+04, -8.595057895633716e-01, 7.075190489948059e-01
145, 4.367869729534899e-01, 8.985928933985250e-02, 8.647454959945159e+04, -8.375002869436203e-01, 7.024728863361227e-01
146, 4.524919744333138e-01, 8.906139698728754e-02, 8.688683854473531e+04, -8.142489982173174e-01, 6.971493014956557e-01
147, 4.682530308700531e-01, 8.812627468252826e-02, 8.731132062812841e+04, -7.903100699656181e-01, 6.916333543676472e-01
148, 4.840395509262643e-01, 8.706272046686687e-02, 8.773926705905098e+04, -7.661757677035859e-01, 6.860771080928502e-01
149, 4.998411191342643e-01, 8.587875347952173e-02, 8.815781751829099e+04, -7.425713570453780e-01, 6.806486363623576e-01
150, 5.156473178768846e-01, 8.458062324654675e-02, 8.855988775040499e+04, -7.198963589352515e-01, 6.754401113787257e-01
151, 5.314274860254820e-01, 8.317205552878883e-02, 8.895083586354210e+04, -6.978485995676091e-01, 6.703262456660457e-01
152, 5.471808594195228e-01, 8.165398796666994e-02, 8.934428350465630e+04, -6.756598777818874e-01, 6.652059463788268e-01
153, 5.628767655190543e-01, 8.003053532374685e-02, 8.974211971370739e+04, -6.532236600073377e-01, 6.599955730671820e-01
154, 5.785146001078564e-01, 7.830304250639410e-02, 9.014963659942438e+04, -6.302414945162663e-01, 6.546247053977318e-01
155, 5.940637073216822e-01, 7.647687217878089e-02, 9.056998042005034e+04, -6.065359461393485e-01, 6.490796817670150e-01
156, 6.095136544840076e-01, 7.455584990641684e-02, 9.100607679458290e+04, -5.819420227932524e-01, 6.432806044523969e-01
157, 6.248444802892534e-01, 7.254828892766051e-02, 9.145789549585171e+04, -5.564614291578465e-01, 6.373000706508537e-01
158, 6.400465021498140e-01, 7.046321943731380e-02, 9.191393183201610e+04, -5.307429794076433e-01, 6.312253953881960e-01
159, 6.551100385623237e-01, 6.830918649950592e-02, 9.237006634965377e+04, -5.050189926528484e-01, 6.251469652369905e-01
160, 6.700157552946888e-01, 6.609642303231981e-02, 9.282139027736145e+04, -4.795663020768276e-01, 6.190920142186279e-01
161, 6.847443074542011e-01, 6.383528133617988e-02, 9.326550088552678e+04, -4.545204110943271e-01, 6.131351294156878e-01
162, 6.992863842574467e-01, 6.153444211265254e-02, 9.369646593233560e+04, -4.302158721322138e-01, 6.073243198172489e-01
163, 7.136326219281036e-01, 5.920173573436226e-02, 9.411249100115013e+04, -4.067538824207743e-01, 6.017124263136868e-01
164, 7.277534301210463e-01, 5.684560494752532e-02, 9.451436000943751e+04, -3.840902324521511e-01, 5.962381522306583e-01
165, 7.416490191727508e-01, 5.446906112154633e-02, 9.491031930549628e+04, -3.617598643405576e-01, 5.908407839213723e-01
166, 7.553095193969808e-01, 5.207694716522283e-02, 9.530127396398624e+04, -3.397117358437142e-01, 5.854797373421230e-01
167, 7.687054835263870e-01, 4.967782540911334e-02, 9.568932264324329e+04, -3.178274918335887e-01, 5.801565854708333e-01
168, 7.818273405812778e-01, 4.727697758042544e-02, 9.607359884458598e+04, -2.961559990364255e-01, 5.748370203667070e-01
169, 7.946753547332855e-01, 4.487786083434457e-02, 9.645719544953344e+04, -2.745228324960877e-01, 5.695459243343850e-01
170, 8.072300139057803e-01, 4.248759629975159e-02, 9.683844387107193e+04, -2.530220932037968e-01, 5.642390442996843e-01
171, 8.194818703348169e-01, 4.011174885947873e-02, 9.721940221266005e+04, -2.315377131487761e-01, 5.589084860593332e-01
172, 8.314017054579050e-01, 3.775998781775564e-02, 9.759879671699090e+04, -2.101415266580159e-01, 5.536032184592713e-01
173, 8.429998536647683e-01, 3.543416783566512e-02, 9.797591831163825e+04, -1.888735223072434e-01, 5.482959432370630e-01
174, 8.542668740202750e-01, 3.313988705791625e-02, 9.835194442309970e+04, -1.676672984047258e-01, 5.429734857967823e-01
175, 8.651637501432231e-01, 3.088884757602291e-02, 9.872602817344487e+04, -1.465706151523815e-01, 5.376561142118105e-01
176, 8.757107232204742e-01, 2.868057989097121e-02, 9.909815825919503e+04, -1.255841100168466e-01, 5.323281001870220e-01
177, 8.858885415227798e-01, 2.652266392262811e-02, 9.946852197647284e+04, -1.046972203180522e-01, 5.270123418217145e-01
178, 8.956777860059368e-01, 2.442248300786214e-02, 9.983598964806159e+04, -8.397365489765826e-02, 5.216990425008015e-01
179, 9.050788971198047e-01, 2.238293410021228e-02, 1.002023001747527e+05, -6.331534737569001e-02, 5.163856025566994e-01
180, 9.140823570476446e-01, 2.040890510305273e-02, 1.005670613981941e+05, -4.274441376368107e-02, 5.110573674218241e-01
181, 9.226688180175412e-01, 1.850737362790834e-02, 1.009310407519622e+05, -2.221757417294273e-02, 5.057246086296896e-01
182, 9.308482814976934e-01, 1.667807504525468e-02, 1.012956403158514e+05, -1.655757450840037e-03, 5.003407795260446e-01
183, 9.385911241611272e-01, 1.492868514473982e-02, 1.016672149562217e+05, 1.929942300076445e-02, 4.947859473991136e-01
184, 9.459073910819635e-01, 1.325881885520168e-02, 1.020524436421409e+05, 4.102463175162915e-02, 4.889985447279934e-01
185, 9.527882012796669e-01, 1.167572420334100e-02, 1.024437857571131e+05, 6.309461109516881e-02, 4.831307727906531e-01
186, 9.592247553395229e-01, 1.018693706540830e-02, 1.028265737658166e+05, 8.468217635284667e-02, 4.774595877931145e-01
187, 9.652074662936811e-01, 8.796728869455829e-03, 1.031972820227480e+05, 1.055884965773773e-01, 4.717555617060060e-01
188, 9.707336892711665e-01, 7.496491383802016e-03, 1.035992997659288e+05, 1.282605345418217e-01, 4.650387448414214e-01
189, 9.757850547235972e-01, 6.296738584164756e-03, 1.040610294753202e+05, 1.543000655779583e-01, 4.579753616743559e-01
190, 9.803903459549439e-01, 5.227718077924064e-03, 1.043980565516377e+05, 1.733069148997351e-01, 4.541114944983802e-01
191, 9.845189222517825e-01, 4.293249250404574e-03, 1.044400505788008e+05, 1.756751938980413e-01, 4.539018605355908e-01
192, 9.881726832279525e-01, 3.422540488228190e-03, 1.045301831065249e+05, 1.807582732522598e-01, 4.506236691891557e-01
193, 9.913132977318061e-01, 2.589893944002618e-03, 1.051664570767772e+05, 2.166413352664177e-01, 4.387348762700133e-01
194, 9.939679347916039e-01, 1.819363729271830e-03, 1.063159201702818e+05, 2.814660136213318e-01, 4.196610525948856e-01
195, 9.961400945906947e-01, 1.163993184375809e-03, 1.076096079315351e+05, 3.544243308468536e-01, 3.985198857218938e-01
196, 9.978265388244749e-01, 6.514085057842637e-04, 1.088421056187269e+05, 4.239317961990427e-01, 3.767590097640272e-01
197, 9.990291572558928e-01, 2.887577319722437e-04, 1.101395989864597e+05, 4.971047329433396e-01, 3.529231715061422e-01
198, 9.997571957052219e-01, 7.178835623058745e-05, 1.116634657135528e+05, 5.830441345629180e-01, 3.252234939852048e-01
